StartChar: afii10104
Encoding: 1111 1111 143
Width: 489
GlyphClass: 2
Flags: W
HStem: 1184 188<131.769 336.051 635.314 843.4>
VStem: 113 242<1209.75 1348.93> 615 252<1213.89 1356.74> 920 292<1098.7 1262.52>
LayerCount: 2
Fore
Refer: 119 305 N 1 0 0 1 -144.072 -27 3
Refer: 65 168 N 0.996716 -0.0809712 0.0809712 0.996716 -2.20603 241.97 2
Validated: 1
EndChar
